100
1813 539974 3
4827 379304 8
100000 1000000000000000000 3
999 99999 78788
981 265444 4
1002 914907 8
0 1000000000000000000 1000000000
8135 346033 4
22322 22322 1
1000000000 1000000000000000000 1
2519 171840 3
9929 160753 4
5649 246089 1
39 1000000 3
9352 507517 9
5230 55195 9
8989 909410 5
5303 577653 4
9151 163110 6
4153 196591 1
490 499674 1
3459 893118 8
6574 530230 2
7800 282033 2
7075 952308 3
2789 205886 5
8764 690922 4
9523 81976 5
121 132 1
8229 384684 2
2035 587687 6
3976 759716 7
34432 9999920 222
5579 763362 2
1329 665400 3
4945 279540 7
1396 974496 5
121 131 1
8984 321196 7
7558 716225 8
7243 39232 6
1363 123520 8
701 837097 8
3376 156586 6
4766 385349 3
5759 165757 6
8129 512819 4
2871 611476 1
8892 186601 5
9390 517315 4
8621 305784 1
5630 555906 6
852 514597 2
873 84000 1
7597 115191 5
0 100 2
2739 884729 5
9481 668314 4
1516 476245 5
8429 327368 2
4131 988357 1
6760 325542 7
3207 523325 2
1616 875376 6
6153 882984 8
332 539995 7
1033 109791 2
9628 221919 9
7668 468727 8
121 121 11
3725 832955 1
1209 371972 7
0 1000000000000000000 1
6673 645665 9
8324 696474 7
886 56750 8
3286 977701 4
646 753992 3
938 717057 3
0 132 1
2590 45700 5
2433 588437 7
1712 931656 3
10 22322 2
9325 343906 8
9332 549970 6
2228 961000 6
7977 626769 9
2965 769993 4
5272 393026 2
3748 207521 4
6916 519450 6
9385 146808 1
21345 4441283 13
3491 376189 1
8439 865622 9
4401 792858 5
9286 976503 2
8483 164651 3
6311 744038 5
